0 loop --> [5, 10, 4, 7, 9, 2, 1]
0 loop --> [5, 4, 10, 7, 9, 2, 1]
0 loop --> [5, 4, 7, 10, 9, 2, 1]
0 loop --> [5, 4, 7, 9, 10, 2, 1]
0 loop --> [5, 4, 7, 9, 2, 10, 1]
0 loop --> [5, 4, 7, 9, 2, 1, 10]
1 loop --> [4, 5, 7, 9, 2, 1, 10]
1 loop --> [4, 5, 7, 9, 2, 1, 10]
1 loop --> [4, 5, 7, 9, 2, 1, 10]
1 loop --> [4, 5, 7, 2, 9, 1, 10]
1 loop --> [4, 5, 7, 2, 1, 9, 10]
2 loop --> [4, 5, 7, 2, 1, 9, 10]
2 loop --> [4, 5, 7, 2, 1, 9, 10]
2 loop --> [4, 5, 2, 7, 1, 9, 10]
2 loop --> [4, 5, 2, 1, 7, 9, 10]
3 loop --> [4, 5, 2, 1, 7, 9, 10]
3 loop --> [4, 2, 5, 1, 7, 9, 10]
3 loop --> [4, 2, 1, 5, 7, 9, 10]
4 loop --> [2, 4, 1, 5, 7, 9, 10]
4 loop --> [2, 1, 4, 5, 7, 9, 10]
5 loop --> [1, 2, 4, 5, 7, 9, 10]
